0 0.46927083333333336 0.2125 0.017708333333333333 0.03425925925925926
0 0.29739583333333336 0.44537037037037036 0.08854166666666667 0.07037037037037037
0 0.15260416666666668 0.37962962962962965 0.075 0.044444444444444446
0 0.07942708333333333 0.3851851851851852 0.06822916666666666 0.05740740740740741
0 0.18072916666666666 0.4986111111111111 0.10416666666666667 0.06759259259259259
0 0.2947916666666667 0.5152777777777777 0.09375 0.06574074074074074
0 0.06484375 0.5166666666666667 0.11302083333333333 0.07222222222222222
0 0.6395833333333333 0.6708333333333333 0.057291666666666664 0.14166666666666666
0 0.5075520833333333 0.2601851851851852 0.021354166666666667 0.03888888888888889
0 0.8776041666666666 0.3837962962962963 0.08125 0.05277777777777778
