0 0.0984375 0.3875 0.0375 0.03425925925925926
0 0.15494791666666666 0.38657407407407407 0.05572916666666667 0.03796296296296296
0 0.45755208333333336 0.31527777777777777 0.016145833333333335 0.025
0 0.44921875 0.3449074074074074 0.019270833333333334 0.03425925925925926
0 0.18671875 0.4888888888888889 0.0953125 0.05
0 0.5221354166666666 0.4064814814814815 0.06927083333333334 0.05555555555555555
0 0.5174479166666667 0.3611111111111111 0.021354166666666667 0.03518518518518519
0 0.39140625 0.6981481481481482 0.08697916666666666 0.1648148148148148
0 0.6859375 0.43148148148148147 0.07708333333333334 0.046296296296296294
0 0.03671875 0.35648148148148145 0.049479166666666664 0.03148148148148148
0 0.07994791666666666 0.3384259259259259 0.03697916666666667 0.030555555555555555
