0 0.12421875 0.5425925925925926 0.15572916666666667 0.08703703703703704
0 0.18098958333333334 0.4393518518518518 0.0984375 0.06759259259259259
0 0.05364583333333333 0.44212962962962965 0.10625 0.05462962962962963
0 0.084375 0.3439814814814815 0.071875 0.05277777777777778
0 0.7833333333333333 0.39490740740740743 0.09895833333333333 0.06574074074074074
0 0.06276041666666667 0.40324074074074073 0.1015625 0.04351851851851852
0 0.20625 0.4009259259259259 0.09479166666666666 0.046296296296296294
0 0.92421875 0.39861111111111114 0.11614583333333334 0.07314814814814814
0 0.75859375 0.6069444444444444 0.14947916666666666 0.1361111111111111
0 0.4713541666666667 0.3037037037037037 0.023958333333333335 0.03888888888888889
