0 0.12578125 0.5425925925925926 0.15572916666666667 0.08703703703703704
0 0.94765625 0.5768518518518518 0.1046875 0.09814814814814815
0 0.35442708333333334 0.4828703703703704 0.08385416666666666 0.09166666666666666
0 0.084375 0.3421296296296296 0.071875 0.05277777777777778
0 0.7739583333333333 0.3958333333333333 0.09895833333333333 0.06574074074074074
0 0.2981770833333333 0.39861111111111114 0.08802083333333334 0.05462962962962963
0 0.51796875 0.33194444444444443 0.04635416666666667 0.049074074074074076
0 0.9169270833333333 0.399537037037037 0.11614583333333334 0.07314814814814814
0 0.7395833333333334 0.35694444444444445 0.090625 0.06574074074074074
0 0.05963541666666667 0.4486111111111111 0.10989583333333333 0.058333333333333334
