0 0.4583333333333333 0.2537037037037037 0.017708333333333333 0.03148148148148148
0 0.48515625 0.29074074074074074 0.027604166666666666 0.05185185185185185
0 0.73359375 0.33564814814814814 0.07864583333333333 0.04537037037037037
0 0.8520833333333333 0.33935185185185185 0.090625 0.041666666666666664
0 0.03359375 0.325 0.06614583333333333 0.04259259259259259
0 0.10208333333333333 0.32592592592592595 0.07395833333333333 0.03888888888888889
0 0.031510416666666666 0.3768518518518518 0.06197916666666667 0.05555555555555555
0 0.10807291666666667 0.36203703703703705 0.06510416666666667 0.046296296296296294
0 0.17473958333333334 0.3819444444444444 0.10364583333333334 0.0824074074074074
0 0.22421875 0.3472222222222222 0.0921875 0.06481481481481481
