0 0.0984375 0.3875 0.0375 0.03425925925925926
0 0.15494791666666666 0.38657407407407407 0.05572916666666667 0.03796296296296296
0 0.45755208333333336 0.31527777777777777 0.016145833333333335 0.025
0 0.44921875 0.3449074074074074 0.019270833333333334 0.03425925925925926
0 0.18671875 0.4888888888888889 0.0953125 0.05
0 0.5578125 0.40694444444444444 0.06770833333333333 0.05462962962962963
0 0.5184895833333333 0.3685185185185185 0.021354166666666667 0.03518518518518519
0 0.415625 0.6277777777777778 0.08125 0.12962962962962962
0 0.7151041666666667 0.42962962962962964 0.07708333333333334 0.046296296296296294
0 0.03671875 0.35648148148148145 0.049479166666666664 0.03148148148148148
0 0.07994791666666666 0.3384259259259259 0.03697916666666667 0.030555555555555555
