0 0.4583333333333333 0.2537037037037037 0.017708333333333333 0.03148148148148148
0 0.48515625 0.29074074074074074 0.027604166666666666 0.05185185185185185
0 0.73359375 0.33564814814814814 0.07864583333333333 0.04537037037037037
0 0.8520833333333333 0.33935185185185185 0.090625 0.041666666666666664
0 0.03359375 0.325 0.06614583333333333 0.04259259259259259
0 0.10208333333333333 0.32592592592592595 0.07395833333333333 0.03888888888888889
0 0.03828125 0.3763888888888889 0.07552083333333333 0.05462962962962963
0 0.10859375 0.3592592592592593 0.06197916666666667 0.044444444444444446
0 0.18072916666666666 0.3800925925925926 0.10104166666666667 0.08055555555555556
0 0.22552083333333334 0.34629629629629627 0.090625 0.06296296296296296
