0 0.0984375 0.3875 0.0375 0.03425925925925926
0 0.15494791666666666 0.38657407407407407 0.05572916666666667 0.03796296296296296
0 0.45755208333333336 0.31527777777777777 0.016145833333333335 0.025
0 0.44921875 0.3449074074074074 0.019270833333333334 0.03425925925925926
0 0.24869791666666666 0.4888888888888889 0.0953125 0.05
0 0.36015625 0.38981481481481484 0.06302083333333333 0.04814814814814815
0 0.5109375 0.3194444444444444 0.016666666666666666 0.025925925925925925
0 0.5635416666666667 0.42314814814814816 0.06770833333333333 0.046296296296296294
0 0.03671875 0.35648148148148145 0.049479166666666664 0.03148148148148148
0 0.07994791666666666 0.3384259259259259 0.03697916666666667 0.030555555555555555
0 0.5606770833333333 0.9092592592592592 0.13072916666666667 0.1814814814814815
