0 0.46927083333333336 0.2125 0.017708333333333333 0.03425925925925926
0 0.6057291666666667 0.7587962962962963 0.06041666666666667 0.18055555555555555
0 0.29739583333333336 0.44537037037037036 0.08854166666666667 0.07037037037037037
0 0.15260416666666668 0.37962962962962965 0.075 0.044444444444444446
0 0.07942708333333333 0.3851851851851852 0.06822916666666666 0.05740740740740741
0 0.18072916666666666 0.4986111111111111 0.10416666666666667 0.06759259259259259
0 0.2947916666666667 0.5152777777777777 0.09375 0.06574074074074074
0 0.06484375 0.5166666666666667 0.11302083333333333 0.07222222222222222
0 0.6559895833333333 0.5143518518518518 0.06302083333333333 0.09351851851851851
0 0.5036458333333333 0.21851851851851853 0.019791666666666666 0.03333333333333333
