0 0.0984375 0.3875 0.0375 0.03425925925925926
0 0.15494791666666666 0.38657407407407407 0.05572916666666667 0.03796296296296296
0 0.45755208333333336 0.31527777777777777 0.016145833333333335 0.025
0 0.44921875 0.3449074074074074 0.019270833333333334 0.03425925925925926
0 0.18671875 0.4888888888888889 0.0953125 0.05
0 0.71171875 0.4097222222222222 0.07864583333333333 0.06018518518518518
0 0.5497395833333333 0.40694444444444444 0.0515625 0.04722222222222222
0 0.5440104166666667 0.4935185185185185 0.07864583333333333 0.07037037037037037
0 0.8786458333333333 0.42916666666666664 0.078125 0.04722222222222222
0 0.03671875 0.35648148148148145 0.049479166666666664 0.03148148148148148
0 0.07994791666666666 0.3384259259259259 0.03697916666666667 0.030555555555555555
