0 0.12578125 0.5425925925925926 0.15572916666666667 0.08703703703703704
0 0.8479166666666667 0.5634259259259259 0.15 0.11574074074074074
0 0.32916666666666666 0.46111111111111114 0.096875 0.07407407407407407
0 0.084375 0.3421296296296296 0.071875 0.05277777777777778
0 0.7739583333333333 0.3958333333333333 0.09895833333333333 0.06574074074074074
0 0.26588541666666665 0.399537037037037 0.08802083333333334 0.05462962962962963
0 0.5020833333333333 0.3435185185185185 0.05416666666666667 0.05185185185185185
0 0.9169270833333333 0.399537037037037 0.11614583333333334 0.07314814814814814
0 0.7401041666666667 0.3578703703703704 0.090625 0.06574074074074074
0 0.036458333333333336 0.4486111111111111 0.06979166666666667 0.05648148148148148
