0 0.12578125 0.5425925925925926 0.15572916666666667 0.08703703703703704
0 0.915625 0.5745370370370371 0.15625 0.11203703703703703
0 0.34427083333333336 0.4703703703703704 0.08958333333333333 0.08148148148148149
0 0.084375 0.3421296296296296 0.071875 0.05277777777777778
0 0.7739583333333333 0.3958333333333333 0.09895833333333333 0.06574074074074074
0 0.28046875 0.399537037037037 0.08802083333333334 0.05462962962962963
0 0.5096354166666667 0.3375 0.04635416666666667 0.049074074074074076
0 0.9169270833333333 0.399537037037037 0.11614583333333334 0.07314814814814814
0 0.7395833333333334 0.3578703703703704 0.090625 0.06574074074074074
0 0.046614583333333334 0.44814814814814813 0.09010416666666667 0.05740740740740741
