0 0.46927083333333336 0.2125 0.017708333333333333 0.03425925925925926
0 0.6143229166666667 0.9407407407407408 0.0796875 0.11851851851851852
0 0.29739583333333336 0.44537037037037036 0.08854166666666667 0.07037037037037037
0 0.15260416666666668 0.37962962962962965 0.075 0.044444444444444446
0 0.07942708333333333 0.3851851851851852 0.06822916666666666 0.05740740740740741
0 0.18072916666666666 0.4986111111111111 0.10416666666666667 0.06759259259259259
0 0.2947916666666667 0.5152777777777777 0.09375 0.06574074074074074
0 0.06484375 0.5166666666666667 0.11302083333333333 0.07222222222222222
0 0.6421875 0.6328703703703704 0.053125 0.13240740740740742
0 0.5075520833333333 0.25462962962962965 0.021354166666666667 0.03888888888888889
0 0.9109375 0.3800925925925926 0.08541666666666667 0.049074074074074076
