0 0.0984375 0.3875 0.0375 0.03425925925925926
0 0.15494791666666666 0.38657407407407407 0.05572916666666667 0.03796296296296296
0 0.45755208333333336 0.31527777777777777 0.016145833333333335 0.025
0 0.44921875 0.3449074074074074 0.019270833333333334 0.03425925925925926
0 0.18671875 0.4888888888888889 0.0953125 0.05
0 0.59609375 0.4101851851851852 0.0703125 0.05925925925925926
0 0.52109375 0.3768518518518518 0.025520833333333333 0.03888888888888889
0 0.44479166666666664 0.5800925925925926 0.08645833333333333 0.10092592592592593
0 0.7497395833333333 0.4300925925925926 0.08177083333333333 0.04722222222222222
0 0.03671875 0.35648148148148145 0.049479166666666664 0.03148148148148148
0 0.07994791666666666 0.3384259259259259 0.03697916666666667 0.030555555555555555
