0 0.0984375 0.3875 0.0375 0.03425925925925926
0 0.15494791666666666 0.38657407407407407 0.05572916666666667 0.03796296296296296
0 0.45755208333333336 0.31527777777777777 0.016145833333333335 0.025
0 0.44921875 0.3449074074074074 0.019270833333333334 0.03425925925925926
0 0.23619791666666667 0.487962962962963 0.0953125 0.05
0 0.37578125 0.3912037037037037 0.0640625 0.05092592592592592
0 0.5119791666666667 0.3212962962962963 0.019791666666666666 0.02962962962962963
0 0.571875 0.425 0.06770833333333333 0.046296296296296294
0 0.03671875 0.35648148148148145 0.049479166666666664 0.03148148148148148
0 0.07994791666666666 0.3384259259259259 0.03697916666666667 0.030555555555555555
0 0.5606770833333333 0.9236111111111112 0.13072916666666667 0.1527777777777778
