0 0.0984375 0.3875 0.0375 0.03425925925925926
0 0.15494791666666666 0.38657407407407407 0.05572916666666667 0.03796296296296296
0 0.45755208333333336 0.31527777777777777 0.016145833333333335 0.025
0 0.44921875 0.3449074074074074 0.019270833333333334 0.03425925925925926
0 0.18671875 0.4888888888888889 0.0953125 0.05
0 0.7864583333333334 0.4152777777777778 0.08645833333333333 0.062037037037037036
0 0.6015625 0.4222222222222222 0.08020833333333334 0.05555555555555555
0 0.6088541666666667 0.46435185185185185 0.08958333333333333 0.05277777777777778
0 0.9403645833333333 0.4300925925925926 0.08489583333333334 0.049074074074074076
0 0.03671875 0.35648148148148145 0.049479166666666664 0.03148148148148148
0 0.07994791666666666 0.3384259259259259 0.03697916666666667 0.030555555555555555
